          0.000          0.000          0.000            NaN            NaN
          0.000          0.000          0.000            NaN            NaN
          0.000          0.000          0.000            NaN            NaN
          0.000          0.000          0.000            NaN            NaN
          0.000          0.000          0.000            NaN            NaN
          0.000          0.000          0.000            NaN            NaN
          0.000          0.000          0.000            NaN            NaN
          0.000          0.000          0.000            NaN            NaN
          0.000          0.000          0.000            NaN            NaN
          0.000          0.000          0.000            NaN            NaN
          0.000          0.000          0.000            NaN            NaN
          0.000          0.000          0.000            NaN            NaN
          0.650          2.000          0.263          7.612          0.023
          0.700          4.000          0.295         13.542          0.041
          0.750          8.000          0.340         23.545          0.071
          0.800         12.000          0.372         32.224          0.097
          0.850         24.000          0.453         52.923          0.159
          0.900        187.000          0.498        375.437          1.126
          0.950       3175.000          0.540       5879.143         17.637
          1.000      24825.000          0.626      39651.570        118.955
          1.050      59561.000          0.689      86438.421        259.315
          1.100      88709.000          0.760     116764.385        350.293
          1.150      90746.000          0.784     115738.459        347.215
          1.200      81618.000          0.859      95027.263        285.082
          1.250      73813.000          0.921      80146.324        240.439
          1.300      65912.000          1.029      64029.982        192.090
          1.350      61089.000          1.069      57172.515        171.518
          1.400      58933.000          1.226      48064.282        144.193
          1.450      58277.000          1.277      45635.929        136.908
          1.500      55567.000          1.358      40927.377        122.782
          1.550      57135.000          1.439      39713.217        119.140
          1.600      66733.000          1.569      42530.530        127.592
          1.650      71557.000          1.682      42549.919        127.650
          1.700      69843.000          1.756      39781.594        119.345
          1.750      75236.000          1.824      41258.522        123.776
          1.800      80844.000          1.927      41945.590        125.837
          1.850      92958.000          2.092      44432.549        133.298
          1.900      98372.000          2.180      45117.479        135.352
          1.950     108354.000          2.378      45556.727        136.670
          2.000     115749.000          2.492      46448.722        139.346
          2.050     128283.000          2.591      49504.277        148.513
          2.100     135109.000          2.733      49437.660        148.313
          2.150     141819.000          2.891      49051.433        147.154
          2.200     148172.000          2.910      50926.102        152.778
          2.250     157696.000          3.164      49841.244        149.524
          2.300     156432.000          3.310      47260.607        141.782
          2.350     157193.000          3.348      46950.850        140.853
          2.400     153311.000          3.557      43101.019        129.303
          2.450     158994.000          3.729      42642.242        127.927
          2.500     157877.000          3.881      40682.123        122.046
          2.550     160998.000          3.966      40592.446        121.777
          2.600     167072.000          4.094      40809.483        122.428
          2.650     174804.000          4.383      39880.372        119.641
          2.700     186093.000          4.516      41203.080        123.609
          2.750     189980.000          4.743      40055.515        120.167
          2.800     198778.000          4.776      41618.932        124.857
          2.850     205713.000          5.072      40556.611        121.670
          2.900     212993.000          5.150      41361.176        124.084
          2.950     213563.000          5.377      39720.284        119.161
          3.000     217770.000          5.559      39177.459        117.532
