          0.000          0.000          0.000            NaN            NaN
          0.000          0.000          0.000            NaN            NaN
          0.000          0.000          0.000            NaN            NaN
          0.000          0.000          0.000            NaN            NaN
          0.000          0.000          0.000            NaN            NaN
          0.000          0.000          0.000            NaN            NaN
          0.000          0.000          0.000            NaN            NaN
          0.400          3.000          0.092         32.624          0.000
          0.450          2.000          0.127         15.797          0.000
          0.500          1.000          0.154          6.491          0.000
          0.550          1.000          0.177          5.647          0.000
          0.600          4.000          0.194         20.583          0.000
          0.650          7.000          0.236         29.719          0.000
          0.700          4.000          0.304         13.161          0.000
          0.750         11.000          0.325         33.877          0.000
          0.800         15.000          0.396         37.881          0.000
          0.850         34.000          0.422         80.488          0.000
          0.900        112.000          0.509        220.121          0.000
          0.950       4197.000          0.553       7585.686          0.016
          1.000      63126.000          0.615     102563.819          0.222
          1.050     231292.000          0.681     339523.290          0.733
          1.100     363953.000          0.742     490422.114          1.059
          1.150     381398.000          0.768     496719.223          1.073
          1.200     357758.000          0.871     410932.708          0.888
          1.250     332251.000          0.950     349701.811          0.755
          1.300     305507.000          0.990     308552.967          0.666
          1.350     289064.000          1.071     269991.037          0.583
          1.400     269709.000          1.206     223626.061          0.483
          1.450     278282.000          1.274     218515.319          0.472
          1.500     288435.000          1.410     204607.991          0.442
          1.550     266081.000          1.481     179690.158          0.388
          1.600     268682.000          1.595     168436.053          0.364
          1.650     286441.000          1.619     176965.106          0.382
          1.700     312978.000          1.813     172651.600          0.373
          1.750     322755.000          1.889     170877.706          0.369
          1.800     351232.000          2.012     174554.388          0.377
          1.850     372553.000          2.097     177632.758          0.384
          1.900     419529.000          2.227     188387.830          0.407
          1.950     438804.000          2.373     184900.312          0.399
          2.000     503929.000          2.512     200571.039          0.433
          2.050     544590.000          2.535     214798.745          0.464
          2.100     580201.000          2.657     218376.745          0.472
          2.150     614673.000          2.842     216302.547          0.467
          2.200     642620.000          3.020     212801.786          0.460
          2.250     647590.000          3.142     206104.733          0.445
          2.300     647892.000          3.210     201822.590          0.436
          2.350     666345.000          3.419     194916.193          0.421
          2.400     689696.000          3.513     196335.020          0.424
          2.450     711152.000          3.754     189450.028          0.409
          2.500     716898.000          3.883     184614.905          0.399
          2.550     728078.000          3.990     182474.045          0.394
          2.600     732916.000          4.113     178176.006          0.385
          2.650     748867.000          4.410     169796.592          0.367
          2.700     789240.000          4.464     176804.741          0.382
          2.750     806156.000          4.684     172114.953          0.372
          2.800     824218.000          4.795     171881.107          0.371
          2.850     845397.000          5.025     168242.363          0.363
          2.900     895386.000          5.137     174286.805          0.376
          2.950     946036.000          5.403     175090.255          0.378
          3.000     949982.000          5.524     171962.928          0.371
